20
10 10
0
70
 13 3
 10 0
 10 13
 2 4
 14 8
 17 17
 5 18
 0 10
 15 10
 13 15
 3 17
 5 10
 11 10
 11 7
 14 11
 16 1
 14 10
 11 8
 0 14
 19 16
 0 1
 11 3
 17 1
 9 13
 12 2
 10 19
 3 4
 12 15
 18 2
 17 6
 17 14
 8 15
 13 1
 10 6
 19 5
 6 16
 9 1
 0 14
 16 13
 14 16
 14 15
 4 19
 5 5
 2 12
 19 8
 15 7
 8 0
 5 0
 8 1
 18 13
 17 6
 0 4
 13 16
 17 18
 8 5
 0 12
 5 13
 12 9
 9 4
 14 17
 12 17
 13 5
 2 3
 6 2
 17 6
 8 2
 9 5
 13 16
 0 1
 5 0
5
16 4
11 3
5 7
10 4
15 16
40
17 3
7 17
2 4
5 1
8 3
10 4
15 7
7 1
16 13
2 13
5 11
19 7
18 0
2 14
9 1
19 7
7 1
6 19
11 5
4 11
2 19
17 10
0 3
3 7
14 6
19 0
4 3
19 10
18 0
0 18
17 2
13 11
19 3
3 1
11 14
15 17
13 0
1 2
10 3
18 11
